![](https://gilboonet.github.io/img/miniDiamantTC.png)
# Gabarits du modèle 3D "Diamant simple"

|Triangles|Long.|Larg.|Haut.|Languettes|Pièces|Format|Nb pages|SVG[^6]|PDF[^7]|
|---|---|---|---|---|---|---|---|---|---|
|14|10 cm|10 cm|10 cm|Sans|2|A4|x1|[svg](.svg)|[pdf]()|
|14|10 cm|10 cm|10 cm|1/Paire d'arêtes|2|A4|x1|[svg](.svg)|[pdf]()|

## Détails
- Créé avec **Wings 3D**[^3]
- Mis à l'échelle avec **Wings 3D** ([voir](https://youtu.be/vKRSdvvuxDQ))
- Réparti en pièces avec **Wings 3D** par coloriage par facettes
- Déplié et édité en gabarit 2D avec **Le Deplieur**[^4] ([voir](https://youtu.be/GMdUE3Vu98w))
- Edité en svg avec **Inkscape**[^5]
- Exporté en pdf avec **Inkscape** ([voir](https://www.youtube.com/watch?v=tLdg9i932-I))

[^2]:[Meshlab](https://www.meshlab.net/), logiciel de traitement et édition de maillages 3D
[^3]:[Wings3D](http://www.wings3d.com/), logiciel de modélisation 3D par surface de subdivision
[^4]:[Le Déplieur](https://gilboonet.github.io/deplieur/UI1.html), petit logiciel de dépliage numérique
[^5]:[Inkscape](https://inkscape.org/fr/), logiciel de dessin vectoriel
[^6]:fichier svg contenant des chemins pour machines de découpe
[^7]:fichier pdf à imprimer

[Autres gabarits](https://gilboonet.github.io/Gabarits.html)

```stl
solid STL generated by MeshLab
  facet normal  0.000000e+00 -8.000000e-01  6.000000e-01
    outer loop
      vertex   5.000000e+01 -5.000000e+01  2.777778e+00
      vertex   2.500000e+01 -2.500000e+01  3.611111e+01
      vertex  -2.500000e+01 -2.500000e+01  3.611111e+01
    endloop
  endfacet
  facet normal  0.000000e+00 -7.999999e-01  6.000000e-01
    outer loop
      vertex  -2.500000e+01 -2.500000e+01  3.611111e+01
      vertex  -5.000000e+01 -5.000000e+01  2.777778e+00
      vertex   5.000000e+01 -5.000000e+01  2.777778e+00
    endloop
  endfacet
  facet normal  7.999999e-01  0.000000e+00 -6.000000e-01
    outer loop
      vertex   5.000000e+01  5.000000e+01  2.777778e+00
      vertex   5.000000e+01 -5.000000e+01  2.777778e+00
      vertex  -9.513167e-16  2.940740e-16 -6.388889e+01
    endloop
  endfacet
  facet normal  0.000000e+00 -7.999999e-01 -6.000000e-01
    outer loop
      vertex  -9.513167e-16  2.940740e-16 -6.388889e+01
      vertex   5.000000e+01 -5.000000e+01  2.777778e+00
      vertex  -5.000000e+01 -5.000000e+01  2.777778e+00
    endloop
  endfacet
  facet normal  0.000000e+00  7.999999e-01  6.000000e-01
    outer loop
      vertex   5.000000e+01  5.000000e+01  2.777778e+00
      vertex  -5.000000e+01  5.000000e+01  2.777778e+00
      vertex  -2.500000e+01  2.500000e+01  3.611111e+01
    endloop
  endfacet
  facet normal  0.000000e+00  8.000000e-01  6.000000e-01
    outer loop
      vertex   5.000000e+01  5.000000e+01  2.777778e+00
      vertex  -2.500000e+01  2.500000e+01  3.611111e+01
      vertex   2.500000e+01  2.500000e+01  3.611111e+01
    endloop
  endfacet
  facet normal  0.000000e+00  7.999999e-01 -6.000000e-01
    outer loop
      vertex  -9.513167e-16  2.940740e-16 -6.388889e+01
      vertex  -5.000000e+01  5.000000e+01  2.777778e+00
      vertex   5.000000e+01  5.000000e+01  2.777778e+00
    endloop
  endfacet
  facet normal -7.999999e-01  0.000000e+00 -6.000000e-01
    outer loop
      vertex  -5.000000e+01 -5.000000e+01  2.777778e+00
      vertex  -5.000000e+01  5.000000e+01  2.777778e+00
      vertex  -9.513167e-16  2.940740e-16 -6.388889e+01
    endloop
  endfacet
  facet normal  7.999999e-01  0.000000e+00  6.000000e-01
    outer loop
      vertex   2.500000e+01  2.500000e+01  3.611111e+01
      vertex   2.500000e+01 -2.500000e+01  3.611111e+01
      vertex   5.000000e+01 -5.000000e+01  2.777778e+00
    endloop
  endfacet
  facet normal  7.999999e-01 -0.000000e+00  6.000000e-01
    outer loop
      vertex   5.000000e+01 -5.000000e+01  2.777778e+00
      vertex   5.000000e+01  5.000000e+01  2.777778e+00
      vertex   2.500000e+01  2.500000e+01  3.611111e+01
    endloop
  endfacet
  facet normal -7.999999e-01  0.000000e+00  6.000000e-01
    outer loop
      vertex  -2.500000e+01 -2.500000e+01  3.611111e+01
      vertex  -2.500000e+01  2.500000e+01  3.611111e+01
      vertex  -5.000000e+01 -5.000000e+01  2.777778e+00
    endloop
  endfacet
  facet normal -7.999999e-01  0.000000e+00  6.000000e-01
    outer loop
      vertex  -2.500000e+01  2.500000e+01  3.611111e+01
      vertex  -5.000000e+01  5.000000e+01  2.777778e+00
      vertex  -5.000000e+01 -5.000000e+01  2.777778e+00
    endloop
  endfacet
  facet normal  0.000000e+00  0.000000e+00  1.000000e+00
    outer loop
      vertex   2.500000e+01  2.500000e+01  3.611111e+01
      vertex  -2.500000e+01  2.500000e+01  3.611111e+01
      vertex  -2.500000e+01 -2.500000e+01  3.611111e+01
    endloop
  endfacet
  facet normal  0.000000e+00  0.000000e+00  1.000000e+00
    outer loop
      vertex   2.500000e+01  2.500000e+01  3.611111e+01
      vertex  -2.500000e+01 -2.500000e+01  3.611111e+01
      vertex   2.500000e+01 -2.500000e+01  3.611111e+01
    endloop
  endfacet
endsolid vcg
```
